%Optimizer parameters



%%%%%%%%%%%%%%%%%%%%%%%%%%Model parameters

Tg1=0.2;
Tg2=0.3;

T12=1;

Tt1=0.5;
Tt2=0.6;

M1=10;
D1=0.6;
M2=8;
D2=0.9;

R1=0.05;
R2=0.0625;

B1 = (1/R1)+D1;
B2 = (1/R2)+D2;

X_dash_open= 0.4;
X_dash_close = 1.5;

X_open=1.2;
X_close=0.4;

fl=0.01;
fh=100;

%% For GA Optimized (Pop size 20, 41 generations, ITAE=201.1)
% Kg = [0.7018589040163814	0.015625	0.42132526540583837 0.1843570238366623	0.5608902806359242	3.1919462431155794  0.48139165574441267	17.951331733746514	1.1863730698469221	0.65079775863120040];

%% For GBMO Optimized (Pop size 5, Epochs 3, ITAE = 300.8282855447721)(exactly as paper)
% Kg = [0.424610091578803,0.236673265128059,0.415682407004845,0.989497161329481,1.150082366835058,0.957760332744137,0.432614379499971,0.277658126620321,1.054402649812074,0.391000246494879];

%%  299.7955
% Kg =[12.8154    0.6794    0.5359    1.1019    0.5762    4.6220 5.1174   11.0850    0.6314    3.0418];

%% For GBMO Optimized (Pop size 100, Epochs 30, ITAE = 387.2225403332931)
%Kg = [10.3453   17.0840    2.9430    1.0201    0.3812    1.1726    0.5131  0.3018    1.1674    1.0880];

%% For GA Optimized (Pop size 100, Generations 209, ITAE= 0.6430262187219629) (Tolerance reached - 1E6)
%Kg = [6.109476089477539E-5	0.15357778613653572	0.2880859375 0.2842291309405507	1.0033671866723497	0.039546543275758794	0.0135498046875	0.015401362168374622	0.8917694091796875	0.2663816809654236];